0 772139976 154052576
909628165 428370542 51644443
3172969725 4109584032 185383264
1116931128 1046566515 14194115
223777814 10055892 255169216
2512535520 1229983026 60386000
3109777744 3899207072 16374329
4030761870 3829858282 12540292
828135093 718323602 53816374
2358450176 2554590817 154085344
3126152073 3152512175 46817652
4043302162 3842398574 56808498
3694349069 3493296400 336412801
770911368 661099877 57223725
3574254366 3032417472 120094703
2689829955 2124052738 139986329
3358352989 1925653441 3542661
154052576 1060760630 69725238
3460616091 3829709201 149081
881951467 480014985 9494517
1777535488 3915581401 135358522
2829816284 1290369026 84715328
478947030 489509502 171590375
2686813330 1226966401 3016625
3361895650 3199329827 98720441
1226966401 1375084354 550569087
3515610257 4050939923 58644109
650537405 926192552 120373963
4100110660 1929196102 194856636
1912894010 2708676161 323741311
3460765172 2264039067 54845085
898932898 0 10055892
891445984 265225108 7486914
2914531612 3298050268 195246132
2572921520 2318884152 113891810
961272608 272712022 155658520
908988790 1130485868 639375
2236635321 2432775962 121814855