457330729 4090205185 204762111
2982196520 3401667644 30193953
2238727594 3778270640 263367024
2540710222 1921368253 380651678
2224576409 4041637664 14151185
1803946096 1170025919 125923944
947791690 3069412788 65888847
3354708582 3597834895 180435745
1173448701 516297801 630497395
4079424710 2899828022 88028778
1929870040 1295949863 294706369
928458849 495946333 19332841
3145865299 515279174 1018627
3071616223 2825578946 74249076
3012390473 3431861597 52676537
0 156654134 174053721
1013680537 1590656232 159768164
2502094618 457330729 38615604
4167453488 3484538134 113296761
4058703342 3048691420 20721368
3146883926 1750424396 164394644
662092840 3135301635 266366009
174053721 0 156654134
4280750249 4055788849 14217047
3311278570 1146795196 23230723
3334509293 4070005896 20199289
3535144327 2302019931 523559015
3065067010 1914819040 6549213
2921361900 2987856800 60834620