19014508 1616728169 261978440
479364011 879054632 183139707
3422279791 4197415651 97551645
2947838505 2859883311 474441286
3922771609 3441941550 130194267
1538347549 1285663854 77335299
4074125861 3334324597 17231539
2692139672 3923798143 165313419
3867887507 3572135817 45827004
4091357400 2695950683 148956394
280992948 874337342 4717290
3585981058 4137845928 59569723
1194193608 267159640 344153941
3645550781 2226309992 39998882
2606341883 3617962821 85797789
2452453972 3769910232 153887911
4279991062 2844907077 14976234
4240313794 4089111562 39677268
285710238 0 193653773
662503718 1585706204 31021965
4052965876 2266308874 21159985
2226309992 2287468859 226143980
0 248145132 19014508
3685549663 2513612839 182337844
2857453091 3351556136 90385414
1139702249 193653773 54491359
3913714511 4128788830 9057098
916232734 1062194339 223469515
1615682848 611313581 263023761
693525683 1362999153 222707051
3519831436 3703760610 66149622