2821176146 2286693663 106119314
3822234587 2463633329 180779736
1725724347 2842879211 104224606
3308097155 4172728180 122239116
3299768179 2834550235 8328976
525232540 357109336 38255672
751267412 803626289 867213460
2181067610 2392812977 70820352
2251887962 2644413065 134698828
3430336271 3994876090 163182805
357109336 395365008 62712446
3646455511 2158365540 128328123
3084834769 2947103817 214933410
1618480872 3954660777 40215313
1673365470 751267412 52358877
2927295460 3797121468 157539309
2386586790 1723776184 434589356
3774783634 2779111893 47450953
4003014323 3162037227 291952973
419821782 458077454 105410758
3593519076 1670839749 52936435
1658696185 4158058895 14669285
2173080221 2826562846 7987389
1829948953 3453990200 343131268